300 110111ι ALLA ntsaosun Aa annotant Ec.

13333 33333111, 333331 133111333 13 maggior eopia i 33331 3313313, 3
31 31333133 piri 33113313, 33333 33313333 33333333 333333 33331333 333-
311 33331 31 333333333 31 13333. La vera 3331333 31 333313 3 molti altri
3333131133ῑί 333133311 vieno acutamente 331 813333 Papa attribuita 3113
3333113331 331, 3 3133311331 31 3331 vapore 33331 33133, 31 331 contiuua·
mente gode 13 333133 3313 333 13 multe 3331133113 331 13333, 13 33311
1333313333 33 13113 11 33333 3331133333313. 033313 33133 1333313331333
3133 33333331 trova soprato 333133 nurui, 3333133 3333331 33133 33113313
ambiente, e iu· 31133 313313 3333333131 13313311 3133 3331333 33111313333,
333 3333333313333313 33333 313 33133 33113331313313,3333 33 333 33 veu-
, 133113 3133 moto 3113313, 313133 3333 3 13133 via 333313 vapore 3 tra·
3313331333 3133 31333 3133313113 33113 3313, quantunque 1313333 31 131
3333333 13313 3333133133, ooma 33333 3331313, nondimeno 3331133333
trigeno, 3333133 333313 33133 ambiente 3333333 13 13333 33113 13333133·
31333 piu 33133 31 131, 3 peroio 3333 313 133333. 1133333 3331333133
3331333333 31133 1133133, 333333 sard meu 33133 3311 ambiente 3133 d 31
33313113 33113 333133 33331, 33333333 13 331 33311 33331333 ohe ahia·
miamo tre& 3 1333333333, poiche oi 333311331 31 333313 3333333 133·
3313331333 di 331 313333 fasciati, 3 3333333313 13 33313333; 3 333 333
333313 dicio 3133 313 333 333331331 3 33133 3 froddo, oouvieua iar pa·
ragone 133 333313 33133 333333 ohe 33 331 13333133, 3 11 1133133 313333
33 3333113 3 3’ 333333 11 13333, venando 31 33313113 331 333133 33333.
Porcio 333 33333333 3133 31 paja caldo un ambiente rispetto 33 33 al·
133 31 331 13 malti 313 313 froddo, mentre quello nou oi 333311 33113
1333313331333, 3 (3113333133 131133 piu 33133 31 131, ma meu 33133 31
333313, 13 333331 3 33 333331 11 13333. Quindi 313333333 333111 3113111
33331 33113 3331331131 d’ 33 11133313, 13 33133331333 de’quali si 33311333
331 libro montovalo, insieme oon altro 333113 3333 33113133.

 

