11131313 11 311111 31 33 1111313. 251

1313313313 e 333 13 1313313113 31 vero 131313 (13113 3333 31113313.
considerando solemonio e 33331313131111313331133313 13 1131·
(1113, 3 13 3331111133 differente 113 (11 1313, 13 3131113313 1133-
111313 3111331313 (133113 (13113 331 311313 1113133113 maggior
133113 31 33311131313 3 1331113131 3 3331, 33333313 (13331313-
3313, 11111 33311113313 3113131313 3311333131 333331313 331 311313
11 331311131313 3331113333 33313 33311, 313 (1331131113 3113 331
111313 31 113113333 333111 11331, 3 11333 1131 (13313113311333 (133113
3333 13 331 s' 131331333 i (133311. 01 131 discorso 1 313113
3113333 1131 311 3333111 innumerabili 3113 311 3333331333333

13 33333333333, 113· (111311 1133 3313113 (133313, 313, 33331133·
(1331 131133313, potrebbe 33331313 313 3111331311, 333111133113-
simi 3131 13113 313111 3133 13331 (131331 3313113311 3 3111113-
1311 (11 oculissime 31311313 333133133313311113 3113111113313. 13
non 313113 3113 11 813. 1133331131 mi 33313111 3113 33333 311-
133333 una 333311 (133113 313 3333 (1333311331 31 1133111133.
131313 3113333113, 313 311 33311113311331313 311133131313131·
1’ 13333113 33 uno 33113 stimate 33 31313113 (11 131313 (11(1331-
11331111 sontii, errasse di un 3313 sendo, 3131133113 (131 133113-
31313 81311333311313 (13 1311111131111 (131 mondo 3313113
31131313 333 3113131313 131133113311113. 13113113 33 1331131113
3333113133311131113113 133313, bisogna 111313 3111113131 (131
31313113 33133131131· 3131131313 31131333333 313 (1331 (13113 noce.
poiche 13333313 13 333 311313, 311 11333313 11 31313113 333111
11101 1331313113 13 denno (11 1133 333113,Ι 3 (133113 ohe (13333
333 3331311311113333 (13331133311311313113 13313 31333
(1311· 31113, quanio 1 11 131313 (1’ 333 3333, 313 11313 e (1331313
3333. 113 (11313311131113 11111 chiaramonte 333313 33133 33331
11333333 3131113313 13 31313 3133113 13 3331333333 (13113 3111113
senza 13 relatione di (133113 31 313313 131313 (13113 3333 311-
moia. 1313313113 31 3131331313 813. 1133331131, (13313 (13111 (133
11113313111313131111 33311113313, (133113 313 33113 31113313
1’ 3113333 (1· 33 11131113 s’ 1333331 11 333131133313, 31133113
313 113113 31131313 11 peso di 311 31313333 31333331 11 (11331
111113. Qui 1131131 1131 1111311313133313 dire 3113 333-31113
13 3333333 (13111 3111331311 33311113333, 1131311 31333131333 per

(1113113 (11 31311313 3111113 1331333 (131 313313, e ii (1113113 (131
11111113111111111. - Τ. 111. 33

 

