1110111111 11111.

1113313111 1.

Per 3113 33313111 33113113 33 333131313 3131 fermo, 3 3 33113
1131133333, 113 3331333113 31111· 1113 supino, 3311 le 3313113
331113, con 13 1133313 111313333331311 3333, 313111113113.

Le 3331333 1131 31311333 1333313. 113133113 11333131313
3131 ιι 33113 3 fermo. bisogna 31’ ei 331311 111 13131 3311331333
3111 13331313 313 3311, 3 333313 311 succedere 3331 13113 3113
31 31 3333331311 13 131 1113113,3131131333 33133113 133113313-
133133 3111313313 3133311113, perche 33 3333 111 13313 1111133
3111 13331313 1131133333, di 333313 3333 1331331333 33331313
mole 3113 331131333133111 esso peso. 01311 333131313 3133113
3311 eoque 333133, 11333 3 13131 13 3333 1333311331313, perche
(1311313333, 3 31331313 331131131 1133111 13311, 1311311 13313
del 3113 33133 13313 3113313133 313 se 13 31113 33311313 3131
33333313333, 1. 31333331, 3 331 1313, 333 311 11333113113
13 313131 gella 33313 133313131, perche 13313 31 3313133133-
13113, 313 3333133113 13 13333 3311331333, 331 333 3313113-
3311313, 3311313113 3 113133 111 311333131. 1331113 egli 1133333-
33113 31131 13333 13 331313 333113 33331, 3313111 essendo 11
333113 33113, 33113113 313 inesse 31 1333113113, 1331311131
33131331 31311111 33331, 133113 3111 13331313 3311 ecqua 313 13
333313 ele 3311113, 313 3333 1333313313 3 piene, 333 1133333
31311333131313 1313333 3113113 311 33113. 33131111 333111 131
333113 113113 3131111 33331313113 333311331333113133113,33113
3313113 31311313 11 333131313 331 13 1313 delle 3311113 3 33·
3313 3 11111113131, 311 33113113 31313 3 11133313;11313313, 3313
131111 333113 3 33331313, 11 1313333113113113 3131111131113111
113133 31 33113, 33331 311 1313333 maneo 1313. 1113333333·
3313 31’ 31 13333 13 1131313 11131333 sopra 11 3333, 331311 13·
1131111313 3331, 11333 3 3331133333313 11 3333 delle 331313 3113113
333313; 313 se 13 1333333 3333313 31 1133311, 3131313113 331
peso delle 1133313 13 331313 3 13 333313 3 131131111313311·

, 13113 3111. Ed 13 3111313 311 3331133 31313 331131113 13111111113,
131 che e' 13333 3 1313 1131 33333133 33 3311133313 3313, 331·

 

