331 1111110οι 1101.

1011011011000 1’ 11000111 qualche corpo 0111 110110, 1 101111
000100011 00110110 001001οε0 00110 00110, 10010 000111 0110 001
0110111 00 010110 1000 10001010 111010, 10 00 1011100οο 10 0110,
01010 0110 1110111 011 110110 11 011100, 0 0011, 001 1001110110
011οο1010, 11 11111100011010111 0100010000, 11( detur 0000111,
001011 110010111110 01 00000010 11 luogo 10101010 10010
1011’00000; 0 110011110011010, 1010 01111, 1010100001011 010·
00010 maggior luogo, 101110 1000111010 0 1000101 gili 11 1100, ’
11 00010 00100 grave volentieri 10001011 quei luogo; 001000
segue 0110 11 110110 00011001110 0110 011101100011 0011013110
0110010101 10001000 1011111ῑί11 101110110 0111000 0010111 11 1101-
100011100101000010100010 10111 000011 1110011 ignei 01011010
00110010101110,00101100 1101101110 0111 11 00101 00101010. 11
(110010. L' acqua 00110 10 000 1100101111010001101001011010
1001001ἰο 0110 10 110010 1010 11 0000, 001100100010 01010100
000010001011 010101 ignei. Mache 000 10000, che 10001010
0110 11 001 00110, 001 00110 0011000υο si 10110110, 000110· 00
i 10 0001000, 00011101001011 11 00110 0110100 0110101000110
0100110 10110 10 0110, 0110101111 ignei suoi proprj 110000 luogo

11110110, 0110100 000111 010000100000 11 0011ος 100 0011010 ’
00000, 10 0011100Ιο 10110 1010000 0 1011000 gii 01111 0010
0100001 10111 010101, 0110010 10 00111 (1011001000 1011001011
10110 00101111, 001 10 quali essi 10000000 10011; 11 0110 001
0111000 00110110, 11010010 11 001000 1111010, 00010 quelli 0110
000 100 100011 10110 00111 (10110110 001 011010110011 110011
01110 0111110011, 0110010 011011 caldo 000 110 01110 0110 11 0011·
10110 0101101100100010 11 000011 010101 001111, 1 011011 00110
100000110010 110100010100101110 101 00100. L' aria 1101111-
11100001110010010001 011 110110 101 1100010 010110 0010.
10 00010101011000 11 011010 1100010111111011 0110 111010οη1010
101 101000 0 10110 00100101 1100010, 11 1100 00101100101111·
1001110. 10 01110, 00100010111101 questo, 00 1010 0100 1’ acqua
posto 0011 acqua non ghiaccierii‚ 0 00110 10 0110 0110001011.
10 01110 10000011110011 10111000 0001100010111 001 10010,
1010 100 011 1001000 101 00110 10110110, 0000 00110 10001-
11010, (10101011 vicinissime 11110110, 010 00 segue ii 000110-
110; 0010 0011 1110110 1110111010, 010110110001011000101 00110

 

