230 11111111

111111111 insieme i 1111 1111111, 1111 6111 24,1111 11111144,
111 11111111 1111111 1 11111111 11 11111111111111,1111111·
111 111 111111 111 111111111111 11 11111111111111114,11
1111111 12,1111111111 12 1111111 mezzano 11 proportione
1111111111 111 1 dne 11111111111 1111111. 011 11 111 1111111111·
11 1111111111111111 111111 111111111111111111 1 111111 12,
1111 11 111 111111 1 11 11111111111111111,1111111111111111 1111
1111 11 [11111111 11 11111111 1211111111 111111111111111111
ii 11111111,111111 1111 1111111111 1111 111 1811111, 111
111 111111 1 1111 non 111111111111 12. 11111111111111111
111 11111111111111 111111111111111111111, 11 soro ii 11111111·
111111111 1111111111 111111 mezzano 11 1111111111 aritme-
111111 11111, 111 1111111111111, 11 111111111111111111 11
1111111, 1 (ἠ111111 111 mezzo ii 111111111111111111111111124
111 6, 111 111 30,111111111111 11111111 ne 1111115111-
111 15 1 111111 11111 11111 111111 111111111, 111111 11111 1
111111 dei 24 111111 11111111 111 6: 1111 11 111 111111 1
119 11’111111111111,11 11 11111 15 1111 15, 1 11 1111 11·
11111111 11 11111111111111111111.

0111111111111111 1111 1111111 111111111 111111, 11 111
’1111111111111111 numeri 11111 111 11111 11111 11111111 111
111111, 1111 1000, 100, 10, 111 11111111 111 11111111111111·
11111 1111111111, 11 quoio non 111111111111111111111111111-
111111, 1 1111 111 111 11111 11111 1111111111111111111111-
1111111 111 11 11111 111 1111 1111111111111 11111111111111
111 1111111 111 900 1111 secondo 11190. 111111111 1111111111
1111111 1 111 11 11111111 11 1111111, nondimeno ii 11111111
1111111111 111 oe 111 11 111 111 di 1111, 111111 11 11111 1’ 11-
1111111 1111 1111111 11111111 1111111, 1111111 1111111 1111
111 1111 11111111, 111111 11 11111 111 111111 1111111111-
111 111 aneo 111111111, 1 11 1111111111111111111111111111
111111 111111111, 11111 1111111111111 1111111111 1111111 11-
111 11111111 1111111111111111111 11 1111111111 111111 11111111·
11111111 1111111111,111 11111111 1111111111 111111 111111111
1111111111 1111111111 111111 11111111 1111 111111 1111111111
11111 505, 1111 quoio 11 1111111 11111111 1111111111 19111111
secondo 111 1111 ,1111111111 111 495, 1111111 11111111 1111111-

 

