262 11111111

bien 101111 01100, 1111110 111 ohe 101 111 1111010, 0011111
1101, 1 pierii. Di 1111 0111 potesse 10011111 11 presente io 001
10 10, 00101011110111 10 101111011 11111111111111111 1101111
11111 1111 1111111010 11101111111111111101111111 110111 11111.
(11111101 V. S. 11 1111 huone voleurit, e 1011111111111011111.
Ε 10 1110101111101.

rosentem.

La eopia 11111 1011111 1011111 111 1111111110 811. 110110·

1101 10 11110111 11 001 111111111010111011110011,101111110
0011111111011 11111 111101101001, 111 1 perrenota 1101111111
1110111011 111 11111ος 1 perche potrebbe 10011111 0111
1111100 11 Roma 001 1111111 quanto 111 11101 01110110,ιί
paredi 1111001111 110101 0011 per lui. sebben 100111110
0111 1111 per 110111111110 11111 meglio si 11110111111111. 8011111
1111100 di 1100110011111110 1’ opinione 1101111001 miserere
1110111111111 00111 111001111111011 111 110110 miserati 1111111--
1101111011, ohe 11011111111110, 1110111111111 ohe 111101-
’ 11110 che 00111001110111 1111111111111110 10111 1011011,
1111110 1111101111 01010,10111, per 1111 un' 111111 1101111-
11011 011 meno, 1111011011111, 11 01111 inconvenientissimo,
11111100111 111 0101011 1011010 11 11011 pur 11110111 111111-
11110 ragione 0 11111110, 111 111 01110 11 01111 0011 11111·
101101 01 11111110 110000. Α questo 1111011111 Sip. 1101101111
0000111010 prime, 0111 11111111011111111111111 veramente 101
1010 1111111111111111111101111110 111111110 1111110, 111
110 sproposito e 11111 110111111; 10111 per 11011111011111·
1111111, 1110111 11111111111 111 meno 1111111 1’ 11111 111
111, quando 1 11 1011010, bisogna 1010111111 111 0111111 per
01110 10011; 111 100011011 0111 il 1110011 1111111111111111·
11011111 001110 11 11, 1110111111111011 proporzionegeome·
trica 11101 estimare 111 0111110 0101111111 10111, conforme 1
0111 11011110 101, 1011111011 011 101 11111111011111111101-
11111 0111101111 10111 1110, 111 10 10111 pagare 11101101-
111Ιί 10111 01110 1111110 11111. 011 qui 111010 11111 0111
11 511101 Νο1101101 1111 10100 11 11011010 11110011111011

 

