101 1111111 10011. 217

nore 01 10. n ohi‘direbbe 0110 0100110 eon 111110 10 11110 10110
1011100οο 0000010100110,10111110 10 1000011100 10110 000-
0101110 0010111 0000101010 10010010 00 00110Ιο 1000001101
010000 10110 10 mio 10110 10 011000 peso di 100 11111110,
10 1000011010 10 010111 10 0110100 00001 101

Questo mio primo detto, 0100 0110 00101011010110111100
110 001110110011010110 0011000 100011 0 100010 1011110010
010000 maggiore 01 101, 00100110οὶ1010 100110 0 0101100100-
11001010 000110110, 00110 00011 10010010 0011 10010 11101011-
011000001000111111110 10110 10001010 00 011010 gravissimi
0011. 0001100110010 10 1100010, dove 00011010001011 100011
1010000000, 000 0010000 0111 01 10 11111110, 00011000010 00
0110 000 1101Ιο 0110 00 001010 nitidi 1000. (1001010100 101-
gano: 000 11 1000 egli ’00110 10110 01 00 001110 111010 10 01-
10 000 010110.οῑ 3000 1111111010 000 0 questo un 10001010
00110110 un' immenso 1011110010 000 0100011111100101101 Bene:
010 10, Signor 1010, da queste 0100011100 0100110010 01001000-
1010101101’00001110;0 101 0101011011010 00100 0001Ιο balio
01 1000 tinore non possa 011010 11 10111000, 0110 1100 resiste
10110 cnecon 10, 00110 10 3000 00110 gran 010110110011101-
1100 11101110, 10 001 10110 0 000οΙ0 000000 01 1001110010 01
100 11111110. iia questi 000 strumenti dunque 000 11 000 00-
1010000 010 101000010000010 000 10110 00000001 100 0
300 001000, 01 000110 0110 0110 1000111 0 00100 0 100 0 300
00001. 0011000011 000 000οΙ0100ιο concludenti consegnenzo
110 01 1010 000110110, 10 1010 conclusione 00 01011000 ectio
10110, 001 qnnnto 0000111000 01 10110110, 000 00000000
00110 10010 10 1011110010 00110 nature-E 00οΙ10 111100 0110
10110 negti nomini 01011000 001 comodo 0001111111110 0110
noviomo, 0110100110 1011101000 11 giorno 01 10111οι00 001 10-
mano 001 011010 0 00101 batte, 0 0011* 00100 001 111010 10 0110
gravissimi sassi, 0 1010 0 000 1001 00110 1101Ιο 001 011010 1
1001001 0 00’ 10111 001 1010100010 10010110 gii 0001101,

010 0 bene 0110 0001100110010 10 0110 consisto 100010110-
mento 110 10110 0 10 00101ος 0010010 0 ragione 0110 0 01101
100110 0 0111010,11100110 00010110 11 1000000110 00110 1οΙ001100

1010110 01 111010, ovogiiomo 0110 1010110 0 1000110110 01 1011100,
(1111110 11111111. - Τ. xiv. 110

 

