11111 1111111111. 111

11111111111111111111111111111 11 1111111 111111111111 1111111111
11111111111111111111111111111, 1111111 11111 1111111 1,(11111
111111 11111 11111111 11111111 111 1111111, 11111 111111 1111111 111
111111111111111111111111111111111111111) multiplice 11111 11111·
11 C, 11 1111111111 1111111 1111 111111111111111 1111111111 11111
111. (1111111 11 11111 11111 111111111111111111111111,111111 111
1111· 1111111 FB), 1111111111111111111111 11111111 11 111111111111
11111. 111) 11 111111 1111 111 11111111 111 1111111 11 1111 (1111111.
lummene, 111111111111111 11 111 (1111111111 (1111·1111111 111
11111111 111 1111 111111 (1, 11 1111111111, 1111111 1111111111111111,
1111111, presa 1111111111 1111111111111 FA, 11111 111 1111111 1111111
(11 C, allon 11 minima (1111111111 11 (1, 1111 11 1111111111111 gran·
11111 11111110,11111111111 111, 11111111 11 1111111 1111111 11-
111111 11 ΝΡ 1111111111 (11 C 111111111111111111111111111
11111 (11111 111 111 11111 1111111111 C) 1111111111 QN 111111 1
11111111 11 111. Percu 111 1111 11111 (1111111111 1111111111111111,
11111 111 11111 ΡΟ, 11 1111111111011, 11111111111 C. 1111111111·
1111111 1111111111111111111 11111 111111 1 (1, (11111111111111,
111 11 1111111111 con 111111; 111 1111 (1111 1111 1111111111 1111-
(11111111 1111 1111111111 11 C, 111 1111111111 111111111111111111 11
11111111111111 111 1111 1111 1111ςί111 11 (1,.11111111 ΡΟ, 11 111, 1
1111111111911, adunque 1111111, 1 1111111111 11 11111 11111 111111111-
11111 11111111 111111 111111 11 computo 11 1111111111111111111,1
11111111 1111111, come apparisce 111111111111 11 (111111 flaura.

A volet dunque concludere, 11111 11 bisogno, 111 11111 11 111
11111111 (1111111 ΡΝ . -1 1111111111 111 111 solo 111 multiplicum BF
111 11111 1111111110,11111111110-,111111111111111111 mna-
111111 111111, 1111 111 1111111111, 11111111111111111 11 11111
1111 11111111 111-1111111111 11 G, 1 111111111111 (1111111111111.
1111 111111 111111111111 11111111ιί111, 1111111111 111 11111 11 11111
111 11111 111111,

¹ 1111111111111 (1).  

se, (11 (1111111 1111111111 11111 (111 1 111 (11111111, 1’ 1111111111
1111111111 (111111111111111 primae 11111, 11111 secondo quacunque nu-
11111, ε’ morderem 1111111 1111111111111 1111111111 111111 evadere.
1 1111111111 1111111111 1111111111111111111111111111 soconda 1111111,

(1) 11111111. 5 111 V degli 1111111111, 1111 converso 111 1111111111 11111
11111111. primuli 11111111111111111111 (1111111.
1111111 11111111. - Τ. xlv. 22

 

