33333 1331333333. 711

11313113 331 avere 333333 311 3111333 1133, 31 333311331 3113 13
13333 1’ 3313 1133313 13 33333333 1311311133 d’ 33 331113 (3333 31 1
13113 11 33333) 133 333333 3333313 13113331333 13113333 13131113133,

ebe passa 333 13111 1 33313111 333311113113 333 33313313 3 3133 333313 ,

13333 33333 333 133 1113331331 113311333313 3333313, 33133313 333 33·
31333 333133 1’ 31133 33311333, 1333313331οεὶ 3133333 1313113 13333,
3133 11333 33113 13111133 131 331113 33113 333133311, 3333333331331 13113

11333 1111, 1133113 33313 1111313333133 1331333 3113 331333 1311 ·

33333 Ε; 3 13 -33313 DE 31 113331 1’ 31133 333133333313 331333, 3113 33331-
33313 33333 1113333333 13 D verso 11, 33331313313333 3333313333311
3 1131133333 3333313, 31 333111133313 3133111 13 3131111333 13 33311
131 31113133 313333 33113, 3311331331 11 33333333, 33331313 333 3313
13333, quale 3333111313 3333111, venissem 113313 31 basso 333131133- ’
31333 EG, 13 33313 333 31 3333333333 1311313113113331331111,
1111, 3311333 131113331311333333131111 3113 133 13333-3133 3313·
3333 313331331311 1111, 33333333 1 33313333331 1, 11, 313 3333 11Δ
33311 3331333111, F, 13’ quali 31333331131131113133,333311333333 3111
3133 313311331311113 13 333313 331331, 31133313, 3333 13 13333, 3113 333·
3333113131 verso 113331311313333113 3331313333 131 31113133, 313 3113
13333131 33313333 F, 3111333131 3331333333 11, 3331 EF 311111ς 3
33331331311331133331311111111, 31 33331 331 1133313111 13 13333 3313-
33313 13 33113133, 33331 notissimo 1333333131, 313 33 131133-
313313 3311 113131313 113 momento 33331333 333.13; 3 3131133313 131131·
tra-tom 3113 33333333 31133331313333 13113 3331333, 1133313113331333
DE, 3131131333 131 3331333311 3131 3331333333 1 33113 , dimiono
DA, 3133333331 1313331111 3133 3133113 13 3313331133 3 1133133313
333313313 11 parallelogramma DHFG, 31 3333133111333133111113
13333 3333331313113 133 1111, 1111, 3131 13113 (111, GF; 3113 quale
13331111 1311113 333333 333313 1313133 131 3333333331131313131113133
1111131333 3333 333331131311 3333333 13 Ε, 33331331 33133333 131
3333113333 31113133), 3333333111 1311113 3331333133 3113 13113 13333,
31313313331313113 3311331333333133313 33113113331333 HG; 3 3331
113333 3333311313 131 31113133 11113131 3333 11 333333313 13 3333 11
esso) 331 3331331131313113 13333 3333311313 13 31333333 11 13111 33
313331 (3333 F, 3131133313313313 3331333333 11) 3333 1111 31 FB,
3131 31 11113 3 3311313113 13333 11 3333333331131313 Ε 3331 13313
13113 13333131 33313333333 11 3 131 33313333 1’; 3133111 333331313333
333133 13 333313333 3 chi 333 31 333333 13113 3331333) 11 peso 11333
3311 131ζ 3333131313 131 31113133 DF, 13331 3333 3111311333333311333
3313331331] 333 13333 333313 3 13113 11 333 peso: 3 3131133313 11

 

