11111111 11 111111 11 11 (1111111. 261

111111 (111 11111111111111 1 111 111111111111111 1111111111
11111 [1111111111111 11 111 11 1111111 1 111, 11 (111111111ιί1
111 1111111111 1111111111· 11 11111 1111 1111111111111 11111 si.
111111111111111; adunque 11111111111111 11111 1111 111
1111111 1111111 1 1111 11111111111 1111111111111 1111111111
(111111 1111 111 11111 si 11111111 11111111.

Segne appresso il 8111111111ἱηί 11111111111 11111111
1111111111, 1111111111111111 11 111111 1111 111 11111111111111
111 1111111, 11111111 1111 11 111111111111111111111111 111 11
1111111111 1111 quella 111 comprare e 111111111111111111111
1111111111 1111111111 111111111 1111111 111111 11111 1111111
111111 compre, dove 111111 11 pagare 1111111111 11111 111
11111 11 grano 1111 113111 1111111111 11111, 11111111111111
111111 11111 1111111 11111111 11111 1111111 [11111111 1111111,
1 111111 111111 11111 pagare (1111111111111 11111, 111 11
11111111111111 111 1111111 poi 1111 11111 [111 11111 11111, 111
1111111 io 11111 prima per un 11111111111 111111 11 11111
1111111111111111111111 poi 11111 1 111 1111111111 [1111111111
11 11111111. La 1111111111111111 11 911111111111 11111
1111111,111111111111111111 1111111 11111 1111111111 11111
diversissima 1111111111 111 1111 11 111111111 gli 111111111111-
111, 1111111111 11. Ε 111 11111111 111111 1111111 11 1111111-
1111 (111111 1111 1111111 sopra 11111, persuaso 11 111 111111 1111·
1111111,111111111111 il suo 11111,111 1111 1111111 punto
111111111111111111111111. 11111111 1 incurabile. Se 11 gran·
11111 111111111111111 1111111111111111 111111 11111111
11111111,111111111111 1111111111 11111 11111111 1111 11
1111111111 11111111111, 1 1111111111 1111111111111111111111111111
11 11111 11111111 111 111111111111111111 11111111111111111
111 1111111 11111111 1111 1111111111111111 11111, 1 11111
111111111111 11 11 11111 111 11111111111111111111111111111
venditore 1111111111 11111111 11 1111111 1111 11111111
111111111 11111. 11 11111 1111 1111 1111111111111 11111 1111111
1111111 que! 1111 111111 11111, 111111111111111111111111-
1111 duoque! 1111 111 1111 Ε 1111 111111111111111111111
1111 se io 111111111 miei danari 11 11111111, [1111111111-

111111 11111111111,111 11 11 1111111111 11111111, 1111111
11111111 (11111111. - T. xlv. 111

 

