2111 3333333333 333 33333 31333313.

03331331313 33333331333 113113333313 333 31 331 333333 333
333313 3133333313, 333 3333133311 13113 331313 33331333 (1311333, 31
133333311113 33113 11133313 331113 333313 3131333331333. La ragione
di questo 33331313, 3333113 33111333 da 33333313 33331133333331313,
nondimeno 1 13 313333 come 33 da quella 33313 13333 33313 33311333
3333 3133 313 331 131313. Chi non 33313 che 33311· 3333313 3133 313 331
misto, 313 333313 31 333113, 333133313 333 311331133133333313 3131131133
333131 3331333313331 3331 333 3331333333 3331331333 313333, 3113
3313 ne 13 33333. Mn quello 3133 31331333, 33131333 3 3333113, 13 ogni
modo 333133313 333 31133113313 argento (11 3333 3131131133 33313, 3 333-
311 1333313 3331331333 331 333333 (13113313 311’33333; 13 3331 33313-
313333113333133131 333131 3333111 13 13 3313 3113 33331111 31311333 3113
313 3333113331 misto.

13 33333 nono.

l! 1313333 3113 1313313333 33113 strumento 33333 11133313 333 1 33
33111 di 31333133, 31 3313333 1333 come 3133333 331333333333333313,3
3331 13333311 curioso.

Sin 13113333 nome 313 3311313333 Α, Β 333311 (1113. 11111) e del·

11313333 33313313, 333113 11333313 CD, 1111 3311311333 3133 11 1111313 3133·
galo 1133 13 11331 3333333 G 3333 1331333 dn! 33313 (Ῑ; 31313113333
313 3133333313 13 winninche, 3133313 nome 3131131313, 3113 33311113313

’. 13 3313 (31131 13331331 133 3111 grosso 11 13333313 11113131133 11113313-

333 3113 3311113). ·

· Cin 13113, 3333331 31133313 31333 13 B nd nnn (13333313 in Α,
1’ instrumento 313331 3333 3331Ιί133313 33113313, mn 3333333333 1313333.
1113333331 11333311 romano (131 33313 G 31 33313 Η. 13331331 11313333
3333331333 333 3333 due, 3331133, (11331 33. 3 1113333331 31113333 11 33
33333133, 3331133 3 311331 33113 311 33333 F, ed avremo 331 3333133
Gn 331311 311313333111 3 33311, 3113 3333333311331131 313333 (133, 3331·
1331133133.

L’ operatione 3 1333131333 n 11313333 che 13 precedente. si 3333
1133131313 Ι1.31311331131113 argento puro 13 Α. si 3333333333 13
33333 3311133133 13 13333 3 31 33333 333313 (1313113 311133331 11 romano
verso 11 33313 F 333 13313331111331313 33333. 1111333 numerando 3113-
13333111 3113 3333 133 11 3331311311113333333 31113313, 3133113313

3333 31333 3333333 331 331313, 333311 333 3333313 3333333 3113133·
33111 nc. “

 

