71 ’11111111

peso (1 che (11111111111111 1111111111 11111111) si 1111111 1 111111·
111111111111111111,1111111111111111 1111111 1 11111 11 1111 11111
11111111,1111111111111111,11111111 1111 11111, 11111 11111111

, 11 censore.

1111111111111111111 11 qualche 1111111111 111 11 11111 11 1111111111
geometra ed 1 111111 111111111111) (111. 11) 1 1111111111· 11111-
11111 A, 11, 1111111111111111111111111 111111 111 11111111, 11111·
rebbo 1111111111 ’11 1111111111, 11 quale 111 11 1111111111 1111111111
11111 1111111111111111111111111111 11 C; 111 11 11111111 C, 11111111
1111111111 11111 (11111 11111 CD 1 1111111 1111111111 11111111, 11111·
111 1111111111 11 111 11 1111111111111111111111111 AB: adunque 1111
111111 pressione 1111111111 11 osso 11111111111 11111111 111 11111 es·
1111 11 111 1111111111 111111 1111111111.

··11111111111 1111 111111111111111 discorso proverobbe 1111 11
1111111111 11111 Β, 11111111 111111 C 111 11111111, 11111 11 1111111
11 1111 1111111111 1111 11111 111 mone: 1111111111111111111111111111
11 11111111 B 111 11111111111111111, 11111111111111111111 111111 11111
111111 11 111) 1 11111 11111 11 BA, 111111111111111 11111 1111111111
11 ogni luogo il 11111111 111111111111111 1111111111 111111111111
111111 1’ 11111111 non 1111111111111111111111111111. · -

11 secondo luogo 11111111 1111111111 1111 111111 11 1111111111 11
11111111 C 11 11111111 11111111 1111111111 111 11111111 11111111 A
1 D 11111 1111111111 111 1111 1111111111111111111,11111111111111111
1111111 1’ 1111 1111111111 11 111111 111 1111111111), 111111 1111111111 11
1111111 11111111 1111111 1111 11 11 11111111111111111111111111),
11 111Ἀ 11111111111111, 11111111 1111111111 1111111111 1111111111
11 11111111 C: 1’ 1111 si deduce 1111 11 1111111111 111 11111 11111-
11111 11111 1111111 che 11 11111111 11111111111111 C, 11111 111111
11 111 1111111111ς1111111 111111 1111111 11111111111110 1111111111
mezzo 111 Α 1 C, e 11111 1111111 1111111111111111 111 C 1 [1, 11111
se suasero 111 11111111 divisi: 1 111 11111 111 nulla 11111111 1111111
cho 1111, avanti 1111 111111111 11 11111111, 1111111111 1111111111 11111
111111 111 111 peso, 1111111111 111 111 1111 111111 11 11111111.

Ρ11111111111 LXXXI, 0111111 xxvul.

811 1111111111111111 (1111. ,13) 1111111111 11111111 mmo 11
fi. 1111111111 1111 che 11111111111111 in Ε, 1111111111 parte ΒΕ 111
11111111 faccia 1111111111 1111111111 1111110.

8111111111111111111 BC 1111 BA, 111111 come 11 1111 1111111111
1111, cosi 11 peso BD 11 ad 1111111, 111 quale 11 1111111111111111111·

 

