696 communioni 66666 ιι 616666 66· mm.

66116 prima 6666116 abbiamo ii punio 10 6 6611666 6666 66
1666166616 66 numeri 666 6 66616 egli si 666 66666666, 616
6666 661, 662, 661, 662, minz, 1666
6666166 16 prima 1666116616 6. 3. 1 6666166616 di 166 numeri
diversi, 666 (vome 6666661666616666616) 6666616116 66 6
66666616 66 6666 6611666616 pomi 6666616 66 6666 1616166616 6. 61

66 6616 6, 66 6666666 16 6666666 6. 2. 2, 66666616 66 666 66-
meri eguaii 6 66 66 61166 diverso, 666 666 66666666 66 666
66 3 differenti simperto, pomi 66 gli 6616 6666616 33 1616666
1666166616 6. i. 1, 6666666616 66 166 numeri 6666666, 666 16666 66 6

66666616, 6666 si 6616661 numero 6, 6 6661 661161166 16116,
’6 6661616616 6 666 66116 6616666116 66’ numeri 66116 66666616
6 raccolta 16 somma di tutte: 6666 66 6666 come ii 6661616
66616666 66 21 66666616 66 6666 6611666616, ma 61 666169
66 26 solamente, 6 1’8 66 21, 61 ’1 66 16, 61 6 66 16, 616
6666116636666166616613661,166661616116666·
maie insieme 666666666 61 numero di 1118. Ed 6666666 611661·
1661616 66666616 661 66666666, 6666 666 66616 11. 12. 1611.
16. 16. 17. 18 66 6666666166 16 somma 66 161161666666616 666·
666616616666 66116 166616 666 166 66666166 6666 216. 16 66
questa 166616 potr& ognuno, 6666616666 61 666666, 66666 666-
16616666666666616 [66666666616116 6 66616666, perminimi 666
66666, 66116 6666, degi 66666166 6 66 6661661666 61166 partico-
166 666616 ohe 66 6666 666666 66 6666666.

 

