110 1111 11 11111111

11111 1111111111 111 11111111 1111111111111111111111111111111111-
1111 11111 111111; 11 1111 se 11111, 111111111111111111111111111111
1111111111 111 mobile 11111111111111 11111111 111111111111111111 tempo
uuu 1111111111 111 111 11 1111 111111, 111 1111111111 1111111111111 1111
11111 1111111111 111111111111111111111111111111111 1111111 1111111,
11111111111 proprio uigore, doverebbe uagionere 11111 11111111 1 111·
1111111111, 1111111111111111 111111111111 Ι’ energia 11 1111 nequi-
11111 111 progressu 111 mulo. (1111, perche 11 11111 11111111111111 11-
1111 e muggiure (11111 1111111111, 11 11 11111 11111111 (11111111
1111 polu di 111111 1111111111 a risenbre 1111111 11 111 11111 111111 1
111111111111111111111 pulo, 11 11111111, 1111111 11111 impressu 11 11
111111111 1111111111 111111111111111111, non 1111 11111111 quella
1111 111 11 uggiunge 111 ciascun«) de' susseguenb seeundi; 111 11111 meg·
giore 1111111111 1111111 1113111111 11111 11111111 11111111111111 1111
1111111111 111111 11 tempo 1111111111 nel 11111, quanto 1 1111111111
11 1111111111111111111 111 111111 1111 energia 11111111111 1111ςί111
1111111111.

1. E 1111 ube 11111 (11111111 111 1111111111111111, 11111 quali
11111111111111111111111111111111ιί 1111111, 111 pub 1111111111111
11111111 11 11111 (111111111111,1111111 (1111111111111 rigore doveano 11-
11111111 11 111 energia 1 misum 1111111111111 crescone 11 11111111 111
111111, 111111111111111111 11111111111111111111 1 11111111111111
1111111111 11111111, 1111111111111111111 11111111111111111 1111111111
111 grande 11 semidiametro 11111 Terra. 1111 si 1111111 1111ςί111 11
11111 1111111 florentine, 1111111111 moderno 111 111111 111111111111,
che aggiungenuogb 111111 11111111 1’ 11 1111111 o 1111111 11 11 111
11111111 1111111111111 1111111111 1111 possa 1111111111 11111-11111111
1111111 111111111111,1111111111 11111 ragione 11 pub 11111111 ebe
111 111 sum 11111111, 1111111 per 1111111111111111 1 11111111 1111
appresso di 111 11111 1111111111 11111 Teum veggiemu 11111 11 11·
11111111. ’

1111 perche 111 1111111111111111 gran 11111, ube 1111 111·
111111111111 1111 11111111 111 11111111, 1111111111111111 111111 11111
1111111111111111111 111 111111 111111, nebu 11111111 1 gravi per pu·
1111 11111111, Ι’ acceleratione de’ gravi 1111111111111 1111111 proper·
1111131 11111111 1111111111 11111111 1111111111 potrebbe 111111111 a
(11111111 maggiori 111 111111111 melu, 11111 quali 111111 1111111111·
1111111111111 1111111111 1111111 1111111111 11’ (1111111111 1 11111111
11111111,1[111111111111 111 1111111 de' 11111 1111111, 111111 1111111111
(11·11111111111111111 11111 1111111111 essere (11111 11111 (111 Sole: ed

 

