1110110 11 111111 01 1101111110. 1111

110 0110 1100100 0110 01 000 11011110 1 000 solamente 0110 punto,
100 1 000 101000 0 voragine profonda 00010 11000101 110110
0000101011101100010 01 11010000 che 10 1010 0110110 101 010010
russo un 1101100010οο 11 11110100010, 1101 1001 001001010
0110101010101111,(1111101011001000 1900111000ἰο meno 00 palmo.
E per 110100101οἰ0 01111011 anche 0110 1000110 1111000111, 1
quati 0101100οο 0000101 01001100οῑ0 101000οι1 00110 011100 101
peso (1001 100, 111110οΙ1 000 011010001011001100111101100110
si 11011 noi pesar 1111111000010,01111οΙ101110011010011011
00100101 1100 che 011 11100010 11010111 10101101 11000 1010111-
genzo. 0101000 1010100010 0110 010010100ιο 1101000100 netto
01101010 1100111 ohe egnatmente 01 0000100010οο 001 11111 0
101110 001 10000101 1010 peso, 11 0110110100, 01000110100-
1000 11 1010111011 101 1010 ignoranza 00100000 100001
per 100110 11101100 111001111 0001000111 0110101011, 01101010 10110
s' inganneranoo 00011011 11001 per 00010, 00010 qui fanno 11
100 0111001011 10100010110010101 0010010, 11010111 110100
numeri 11000 110 01111010011 poohisstma 110111010010 101
numero 111 11 0001 100110 10 11010111000011110011000 11100-
11010010011100010010 (nome 001 presente 0000 11 100110 0111010· “
linamento 110 0001011001 0 0010010, 0110100010, 110001
1111010010 101 010110 1000011100010010, 01101 00100100010,
(100100001111111); 1101011 1 ohe 10 1110010101ιο 1011011010 000
01 ,10010 00000011110 0110 101 pona 101011110010101101100010
1000 11 1100111 0111001011 010000110110010111110110 1100011111-
1110 1010010 0 101110 manco 11 11001110 100011, assolutamente
001000 11000010 1111011110 10110 (11101 10110 10110010 1111110 00001
piis esorbitante stimatore 0110 10111011 1001110 100011, 0111
10110110 00 111011011 1011110110 0111110 00 01010, 0 00 gio·
veneo 0100001110110, 100001 11111 1011010011 1110110 0110 10
00001110110 000 00 111111ος 10’ 1110111 0110 11001οο 1010010111-
1110 110100 00 1101000 0 00 00 101000 10110 11 giorno, 010
10’ minori 11 00 1111110 000 00 00 000 vetuti giammni.

110 10110 questo, 0110 010010 0 V. 3.,11111 per 0011101010 “
01 000 comandamento 0110 por gusto 01110 abbia 11 oocu-
101101 10 0101111 controversie, detto 110011 0110 00 quanta 0000-
010110 10 obbianenses· 11110110 00110. 1100010111 11 100011 tona

 

