03113 3300031103. 149

13131, 31333031031 1131 1131330310 13 0011133101ιο 3010111 13 3131111310
311 31111 301011, 1 quali, 0 301 011310 0 301 dimostrato, 3110111110 101
quinio libro si 11101130030. Cha 30 qai m'e 0000130 13111110 13 33110,
0 301 0013011111 11 31013110 0030311311110, 0 301 facilitate 0 301 311
11011311111311310,11110330110 11331310 001 30113 13 3013 01 an·

· 0013 13 31111013301133 3103131110ηο 11 3013310 alquale 0011133031030
quelle 101 1301031130 Euclide. E per 13103 0133003011 10131 330, 11 -
lio 301310 13 01110 11 clii sia il modo, 001 qualo 10 301101131033 13
31013.

1103011110 30113113303 10113 3113 301111331113, 311133 301003101-
1331131 31 1131030 10113 31010113 301313111013313, 0 301 301 3031330131 ·
131 03310 1310 133131 31103031103310 0113 1030333 1310113 anchei 131·
13131 13030 0331110113 geometria, 33333310 13 01111 3101031130 11311100
e 311301111011 d' 31113 3311031, 0110130331, 30110 13310110 01133110
3010311110110, 31 13311030 quasi 1311110113 3103113 113303 materna.

Forse 310030 11 sara 0110 13’3111111311113 3010101113 ambicione il
3310331311311031011 quest' 03013 301 0111130 1113033010 101 11311Ιοος ,
133 3011 molli 3111 3313330 quei 0110 130 3’131111013330. ll 13110 31 e
elie, 301 1313 3133 1031013, 10 303 l' 0111130 300 113003010,30101113311
1111 13 00311330· 13303110 301 311 0111131 110 3331 11 3031113011 quanli
01 1101331130 31330311 311’ 0111130 330 1033110 (che 01113 3 130 33001-
1011, 1’13131103301011 1011100111, 11 1101101 1113003110 11311101, 330
113113013- 0 311 31111 11 3113 0333 i, io solo (11030111 1’ 0111310 301103301-
13030333101111310) 3030 a 131113031311133310, 3 quasi anche timasio
13111310 di quanli 311 1311331303ιο1031311031030. Ε 3011, 00130 1110,
00113 pubblicazione ‹le' 31030311 3001 3011111 1310310 301 013 1013010 31
130310, che (quancunque 303 313 possibile 0101110 303 3010 3 Dico
3’ 30311011, 133 3033310 31 13303110, retribucione ch'equivaglia 31 310110
1111001311 11030110]),10 30311330310 occasione 11 3011131310 13 33113
311011110 11 ben 31310 113033010 001 1311000 3 1113 3’3101103131330-
131111313311113033111 vulgale 330301311031 101 3133 (1311100 1310
10101110 31103110, siccome 10 303 11313301011 mai di 0301310 113003110-
3131111 13331100133130310, acc-lie 331 mezzi in 0331 00310 003310311
10 1011011 10113 3110, 001 1031310 13 13110 3013013113330111131 131 peso
immenso 1331101111311113 1110101311 3110111, 31010311 01 3130101011
133033331031111Ι quel 33310311331130110301110, 13 11 031 ammirabili sco·
30110 0 110’ 01011 3 30113 331013 3011113330 11 chiara ed infallibile 300113
3111113 13 333313 3031011111.

111311303 1313310 quella 31331 anima 3103011310 3031310 1030-
salillo quasia 3311111110 13033130310 101 1310 11031331 130110 3111013ῐο

 

