δ

oanan 3331313333. 37

3 ΝΡ, 11 33313 33333 331 333133 31 3333113 31 13113 13 3331331331311313
3113 13333 331 331133, 31 333 33331333333 raccolta 13 1331313333 31 13113 13
333 33111; 3 3333 33133113 asse 33331333 3133 31 31333313 311331333

31 333113 13333 3133 13 13 3331313333 31331131.1331333313333331311.
331 primo 3 011 331 secondo solido 13 3313 31313333 3333313331 1,11
33113 311331331 (13113 3331313333 d' 3331 331131. E 3133311313 3333131331·
1113313 33333 dobba 11 3333 H 3113 3331313333 33113 13333 Ac (131 331313

331133, come FE ad 111 (313333 118 l, 3313311333313 13133131333313333 ’
base AC 3 3311113313 11. (3133 assolutamente 3 13 1333331133) 31331

nese 0, 33133 118 33 RQ: 333333 333 1· 33331113 31313313, 3333 11 3333
H 31 3333 0, 33133111 ovvero 111) 33 RQ, 313333333113333 131313 31
oeno 3311333313 1111), 331 33313 33313 1331133113 311331313333 111331
solido obliquo. 11 3113 33333331 31333311333.

6333113113 Ι. 031331 3 3113 13313313313311333133113133131333331-
33311133 133 3333331133 solido 3313333 33313 1 seni 13333 inclinationi.

Corollaria ΙΙ. 13 1331313333 31 3331331 (1133333 33333333 13 ragione
331333313 3 33113 grandem 13333 3 33113 (11313333 331313333131331
33313331 ( come nel 333311. 3 33113 3333. 2 di questo) 3 33’ 3331 331113-
3113331333 de' solidi 331 33313 13 331 sono 3111, 3 33113 reciproca 33113

1333113333 d' 3331 331131, 131331313 33113 (11313333 33333331331313 33113
cimaloco 3113 13333, 33133 31 3333 33113 331313 331 (1311133 131333 311
generalmente, 3 (13 313 3113 13 questo 313 dimostrato: di manicon 3133
essendo 13 3331331 31 (133 331131 S, 3, 1331313333 33’ 333131 331 33313·
333 ll, 3, 1 3331 3311133113331331 l, i, 13 1333113333 133313311311, l,
331333313 3331313333 331 311133 3 331 secondo solido, como 1 31333111
81111313. '
0333113313 111. 83 13 3331331 3 13 (11313333 331333 333131 31 333-
3113, 31 aeni 3311133113331331 33’ 331131, 3313333 3313313 1333133333 31
3331, 11 33313 essendo 333313, 31333133333 13 3331313333 33’ solidi 333311.
Come, 331 33313313, se 33313 13 313333 33131113 AS (113. 33), 11 31 331
333133 3 C, 31 3313333 333 331131, 13331311331118, 131133 133113313
118, 3113331313 3113 13333 CB 313 333313 3113333 CF, 333313 1333
3131311, F siano 3311 3133 3’ 33 quadranle circulare BFG: lo 313333
peso, 3113 3333333333331 13 1333311113 3333133333313 33313313 3 3133333
13 3331313333 33113 3331333 AS, 333313 333333331133131311333131311133
3 3133313 13 1331313333 33113 3333331313 3331333 33113 13333 3333333; im· '
perocche 113313 111 33333331331313 311’31·1333313,3313113 1333113333 CB,
333313 (11,31131333133333 cll, come 13 (IS, 133313 33113 1333311381) Ι
33333113 33313 1331333133311133113 3331313333 33 333311 nelli, 3133 .
33133 11 3333 131313 31 3333 3311133113331333 (1311333313 Feli, 3133 13

 

