ntttt 0031310030. llll

1110111111 1111 30013 (101010110313. 10013010111101101113000101 il 1033·
simo 111 10111111 1110 00. ·

1130300310οε Cl'lll, 1101111013 lxxi-l.

1 0103111111 1130111111· CD, Er 11110. 102) 0111011111· 0110 11010 11111111
1011110 00100110 0010101100 contro Allll. 1031101110 111 Α, 10110 rom 1001111·
1110010001 00111011111030011, 0110 0111110110 010 loro 11011 1 0110111011· cn.
EF, 0 011 0111333 1001110033 AB, AF.

Cio 0301010010 31 1001110310003131100113 solido 00100110 0 0103-
11111131οο 0113111311οο 0 1131103111301003, 0110 3111113 000 3031001 13010
ligore simili proportionali 3’00311131111011113100111 0 do’ 1011 0010100111,
001110 110110 CD, EF (011 300013 quando non 1033010 ligure simili pron·
1100110 00301311 1111113110 proportionali adesso, 0 3001003000Ιί 10 1000
1100031113ῑὶ CD, Elii: 3113 proportione do'qnoli oggiungondoti quello
110110 0131301011), AF, si 00111οο00 13 ragione do’ 0101110011 111 0331
01301 paralleli, ugualo 3 quella de' 0003110100100111 0 0013011 1011300011.
00110 0000110131101 1111301100001011.

APPENDlGE

0003100003010 si 0 1101310 031310010 001 13300110 ‹lo’logli 030-
001111131 1111301000 11103103101100313 11000113οί0 10310013 110110 Resi-
310030, sigillato 001 310111011οΙ80000133511011301110310 leopoldo 111

1030303, 0 11000310111 propria 10300111 S. ,1. 11010000111331103110 30110

11111 2 0130311 1601 311 100300, 10000 0300011131 00113 1010 11000313
“ 30010001103 03110 1, pap. 1111. Νο11’001110300 13 003Ιο opera, so 10301113

0030 131103 1100310, 000 3003110 01103113 311 0330013110, 0110 1100 001111

11 1011010113 3000100000110110 111101100110 0110 31 10311313 111 11300 101103
111 libro 311 0031031003 1101 10110 1011100313 011 31111301100313 3113110 1131
0100110 11111010, 11 00310111300130110111 001000 3100 0110 ,0011010010 3
0011031003013, 30113010 3 1100 0130100110310 13 1001111 rl' 3100 0011 110
tempo 13 1011301033 00131 131103, 00 0300011010 100113 0 ronta 300113
011 0031001010001003010000, 0011000311 31 1101313 11’ 31000 11131030

310003 0033 3 13110301003 311000010, 0100010 1131 3011110110 01100100 31-
gillam.

Corne 0110 000 01300 10 propositioni ‹lisposlo ool 10010110 00010·
001010, 10 10110 01110110 3 quello 0110 110 01011010 033000 11 1011111000, 0
0110 00011013 10 propositioni 0111 113 111 1000 00000330 0 0100000011
1’ 0113 1131131103, 000 0333300 113110 0030 0111 3000011οἰ 3110 0111 0001003111.
110 propositioni 000031101οὴ1· 1111000011 3’ 10001οη11 11110010031.111300311

 

