286 1111000

00111000111000011011111,ου11101011 quella 000 10110011 ¹

000010, 00101010οη10 0111001100 001 10 100110110101111011000,010
100 10 1011001111 1010 10000010 DE, 00100 1010110 010 sopra
10 10000101011011 01010, ed 1001100011010011 10010, 10 10000.
Ε 00101111 0010110 si 0000001100 01101 00 00110000 di 1011
10110111110000110110010 001 100 0011010110 1100010110 10 di·
1011001, 01011 1011011ος e· 001ὸ vj ὲ quella (1100011110011011000
10110 1000010,10000100000011010010111 0110101110 010
0001Ιο (1011010 (1100110110111 010 00 10 11 0010110) 010 011
“ 0110 sia applicato: adunque quello (101 0010110, 0110 011011·
000 1011011 0001100, 000 101100 000010 000 0110; 0 10101111
011010110100010110. Qui poi 000 11 0011 dire 010, 1011000 11
00010 010 10000 000 00011000 000011100110 tangente, 10110110
00110 00010000 11 00010 00011000 00010000010, 11 00100 001
00110000, 000 11 101001011 0001100 011010110 01000110, 010
11 10101000001011 quello 010 1000010 101010 0 00111101100;
000 11 0011, 11100, (111 questo, 00101111 00010 010 succede 0
quel 00010110 000 1000010 10110, 10 quale da 00 101 00010
(101 0010110, 0 000 110 01111100 1000010; 010 00110 (1010111000

(1011000010 11 1100100, 01110 011100110011000, 11 1000000010
000010; adunque il 011010οῑ0 000010 110100010110 11000 01-
1010 (10110 0011, 00 11 1010010010 0110010, 011110 0100110110
010000.

8011100001 0000, 01110 01001101111, 0101 10110 00 di-
100110 10 00101 10110οε

Se stando ferma 10 DE (110. 197), 1010011010010 10 10·
00010111 0110111 sopra il punto del 1000010010 C. 110110
110110 11010 ΑΒ calando Α 10110 D, 11000111 10 GF, 10000110
1000010 FCE superiore 011οΙ1111, (1010 011100 000100010 110-
1011010 ECB3 ὲ 1000110110 1000010 BCE 00110111 001 101000-
versione 1000010011001111110000110 10 100110 010 finalmente
10 100 00001111 11 000101111 0 11οΙ 10110 11001100, 11 010 ac·
00110111 quando essa 10110 ΑΒ 11 00001000011100110 DE. 010
00011000110 10110110 (11100110 0110100 ACB 100010 1101Ιο 101·
10 ΟΝ 001 00010 &constituendo i 10000111000011 101111 Aeo,
NCB; 10 1010011010100 0110 10110 ON 011011110010110001011,
da Ο 101111 D 100001001101 (10111 000011,011001100010 1100111·

 

