0010111101110 110001 111111 110001110101101. 000

00000000, 0100010010 10 00110, 0111000 maneo 01 20 gradi 01
110000110,01100’00000010100 1. 0, 10;100000,110001100100 100000
0011110000 amorosa, ella 0 00οὸ 010 110000 (tellaria 0000011
001 11000010 00010 0010 l gradi. 0000101111 adesso 00010, 00-
01110110 100000 00110110 0111111000 0110 0010 110 t gradi di 110000,
si treva in 101 10010001οο00 00110000 001100000, 10 00010,
11000110 00001010, 110 10110010 10 01001 01 100000000110000-
labile 011000 sopra quella che sentiris 00110110. 1100010001 001
00100, 0000000 dopo qualche 101000 001100οι10 00001010, 00100
00110110 0111111000, ma 11000010 0 0000110 1110 001111 1010 ’
1000001100010, 001 0110 00000001000, 0000000101001 00000000
0 01 1101100 0 20 00001 01 00000110, 0110 0 quella 0110 01 0 as·
0000010 01100οι10 posta 10 10000 0111111000.

Trovasi adunque 10 1010 01010 0100000010 00 20 0100101
100000; ben 000000 0 000 00 stesso manifesto, 011000 011010
01 0011010 0111100000 00001010, 000011000001 10 00001 00110
1100001111 0110 10 01000000, 000010 000 temperie 00001 00010,
0100 000110 0011000110 00001010. 11100110 000000 10110 11 01-
000100 10 brevi parole, scorgesi. 101 0100101111 00111010 ,00110 000
0111010011 001011001, 0100, 0110 00110 prima 0010010 0011000110
011001 0011000110010 0110 110 0000 00000110, 0100 tl 0011 00001,
00 00100 001100000, 10 0001010 0010001οῑ10ηο 00110110 00
1101110110,οἰ00 10 01001; 100 001 0000000 ingresso 0110 01 11010
0100000010 00 20 00001 01100000110,0110 10100100ου0 posta
10 0101110, 00110 00010 0110 0 11000010, 0 0110 001 10 000 001-
110110110 100001100100010, 00010 10 0101100. 01 00010000, 00 00-
110 0011000110 00001010 00001 meo 1001100.

ΝΟΤΕ.

10001001101001001 000010 problema 0 100000001001100, 00 010 001-
1110 potera 1010010101 10 qoe’ tempi, 00’ 00011 per 000 essere in uso 1
1001000101οἰ, 010001 0100101 001 00100 0 001 110000, convenire 1100001 001
000001000010000001010100101000100001000010 0110 10 10111 0011 0
1010. 1181011011011100000 001 Papa, 001000 00111001100 111110 0011010100
0 001 00000, 1010110001 01 00010111 1010101001οἰ, 01 110 10000110101100 00000
1000011110100110110100000 0000010 001 tempo considerabile 01 0010 sia
010 treola 00110110 seposta 01 0100001100 001 0111000010 101000, 0011
0110 e molto 010 00100, 0 010 000111000 001 0101 0110 maggior 001011-

 

