nunnoni 33131 3313313131313. . 31111

33333113 1113331331 313 333 13 3313313333331131 oon 13 333-
3313 3333111ς1113 33333333331313313 13 13 13, 31 3113 33311-
33313113331311311113133113333 un 331 punio, 1113 3113
333331131331333133331133333113 di 3111 13 33113 3331 3333313-
1111331313 31133 31 3333313 333133, 13 teugo 3331331113 313 3113 ’
conversione 1131 311131133, 3 3131331313 quando ii 31313 13333133-
1113311113,·3333 33113 333333 31 1333333113 13333331333.

L' 1313333 3 313113 3111 311313 313 33331333113113133133
33131131331331133333113333311 3131331313 311131113, 3 questo
1331113313 13 3331313331333113113 (133333331313, 13 qual 333
33333 313 313333313313313 1131313, 31331 31111133 33313 33113
non 11 13333, 3 come 33131133 3113331313 333 31 1333333333
11 3113 1111 333 313 31 33333 33331333133113 questo, 313 33 331
1313311333133 333 superficie 331111331333, come, 13311 grazia.
d’uno 33333113, 31333 3 3113313 3113333131313313, sopra 13

quain 313 333313 333 33113 33313111331313,3 33 dado parimente “,

331111331313, 3333113131 superficie 133113331331,133311333113-
31313. 31 31313313 1131133333 333311313 311331333313, 13 33113
33331311333331131113, 1331133 cosi 13331 11 dado. E questo
3333111 13 33113 girando 331313313333 sompno 33313113 33333
313333 3331313331333; 31311 dado, non 3313313333311333 33333
31131133 1131133113 13333 13313 33311333333313 conirioaodosi oon
333113 (13113333331113, 333113 313 1131331 331 1313331313331333
1313333; 3 3333113311 313, 333313 33333 11 311131133 31 13333311
13333331333, 3311 ponendo 33333 313 13 3331313331333 31 133313
33333 3331313333 3333333. 1331313333 313133113331331 di 33331
133133131133113333113 3331333113311, 31133 31 3333 3 3113 figura
si 11333113 33333333133333313 considerazione: 133333331131-
133 3113 33313331113 33111333 di superficie, 333 {equali nge-
33113331333311 1331313333 3333333 3313333331, veggiamo gran
differenza derivare (1311333333 1311 3333111313. 1113131311 quai-
ohe vapore oleoso 313 13 rende 13131313, 3 di qualche 31133
acido 313 13 allega, 33333 3113113 33311331313 3331313311 33113313
333313313331133331313331333. (1113311131 quai differenza 1 133
13 1111313111 113113 33113 11311333111113 e 13 1331313333 31 13311333
11313 33113113, 313 311133313133313 tagiiaio qualche 1111113, 3

3133311113 agro.
11111133 Gonnoi. * Ἰ’. xii. 39

 

