1⁶2 . 13111313

31113313113 31 tegno, 11 331 diametro 313 31 3 tinen, vi 1311313 3331111-
3133111333, (133333,3333333113313313331 11311133, se ne 3313113313
113313313 3313 183. Chi 33 3113 1133113 11331 11111, 13 (13311 11 311111113-
11313113, 1133331113113113333313 311113313 3113 pressione 33113113, 33 331
11 11311133 1333 3311331333, pennen 313133 313333 notizia?

E 1133 1313 3113 33 3133331181111111133111133313 3 1131133133313
11113313 333 311313, non solamente, 13 1333 3311313133 331 13333, suern
1313313131111313 pressione 33113113, 313 nnn 31333 3113 impegnato si
331311113 3 3113, 333313 questa 1313313 313333 13 13113 13 31313113, sola· ·
11131113 1311311333 111311313133333113 113333333 33’ solidi: perche secondo
13 133311313 33 131131313313313 (13113 113111 componenti de’ solidi, 3 ma·⁴
3113313,313311133331331 pin 1313, 3111131 11111 3311313 311311313, 3 (131
pori di (1333133 di (133113111313113, 33131113 3313111333 perfettamente‚
13311 3331333 13113 grossae 33111131 33113 quali 31133313333 31 1311313
meite 13331313 11 3133131113 33113113 3313133 premente, tacendosi 313
3131111313 33 313 minore. Si 1133 11333133313 11313 3113313 (13 questa
13133, 1131 331 luogo 3113133113 generale, mettendotn 1131 13 33313, quando
3333113, 33113 11131133.

111. In 3111333111113333113 considerare 13 33313111 33131131 come
11331, 3 3 13133 3113113333 11313111 3131113313311311311333, 3 313131
1311111331 1133311331 13113133 33113 tene. . . .

Μ’131111311331313333 3113 3113 1311 pinni, considerati 3331311311,
applicati 31 33313133 33113 1313, 33311331133 331 113333 een 13131333113
13333 31313 1ο 3331133333 3 3331 11133131133113 11333 31 33111 pinni 7
(33331331313 pern 331113 tendente nd nn 333113 posto in 13113113 di·

“ 313333 33 essi, 1131 una 3113313113 13113331331313 a’medesimi) equi·

veiga 3113 1313333113 1331313333 33331313 3 1131311113, 3113113133 verso
direttnmente‚ 3 3131333 13 perte, oppnsto 3113 311331333 33113 11313333
3113 ceren di 333113313133113111133131113, 11 13 3331131333313 11131133.
113333 13313 1113 3111313 3111311333 3113 11333113331131331313333 (33133
31 3 33113 3113 33111113. 8) 313 11 1333331313 311311 33311331113111333113
senione, in 331 3113 131311313.
Anzi in segnitoedi (133313 supposizione 11 nostro Antere 113 pro·

noste (1333131113 33 131 3111313313 ’

1131133133( Snconnn.

1. Pinnio 331131113313313 1133113 in 313313 31113113 (133113,,31113
13311 parti 313311133333 3133133313.
11. 1113111 3 3131331 3 311131 1133113 33131313, (133113 3113 11313113 311131

mente, 3 11111311 3 31331113113113 siano 113 31 1313.

 

