. ’ 118 3333333 3313333333

13313333 (1133313331331 del Gelileo (13113 (1113131331 quinta 3 3311133
(131 (3313131113 (1111331113, 3133333 (1333333331 1333, 3331133ῑί 13113 3113
grandem 13313 3333333133311 3133 333 3333333133311; 33113 (3331131333-
313331331 3331333 11 11311133 (13333 3133333 13 (1111133111 3133 13333133(
33311333 1 331331313311 13 (13333 33331133 333 (1113131331 quelle, che
313113313 331333 1333331 (13 (1133313331. 1133331313 13 1313 8331113333 vien
, (13113 3133, 33311 313111 1331333311, 31 33331313 331313 33133333331333
13 33313 3 3133313333 13113 11 (3131311133 (1113311313, 3113333311οωί 31·
33313331 sono pergrave indisposizioee (13113 313 13313 311311313313113
3 3131 ardue contemplamur, mi 3331 3 3113333333 3 3 distendere, 3313 Ι
33133133 (1133313331331 (131 11311133, questa scema [1313333313 (13113
Propertium, 3113 3333103333, (1133111333 311333 (13 31133 effare, per 3333·
gere 11 (13311331οά1 33 0333311333 313 33333331 swero, 3 (13113 1133331313
333 rnen 31313113133333113 1333333313, he (1313331133, Dio 131313,
333 3131133 ordine e 333313 che he 333313. Ne di questo 13 erinon 333133-
1313,,3133 he 331313 ancora pubblirerla 33113 1 benigni 3333133· (11 S. Α. R.
(a 331 3333331 33313 13 devera indirizzarle) 31 333333133333331313
1131113313333 3333313 (1133331331οηὶ, 3113333 qualche 33313313 33333
33131313 33113 313 333 33111 3331, 31333 13313 333331 3 331 brumosi
(1133333133331 senz' 1313333 333 13 313 3133331333 (1’ 333 3313333 3331
1333313313 quale 3 (333313 313113 113333331331313 quale, per 313 333133,
133 13313 33313 3311 1333331331 33133311313, quante per 333331333, 13
313131 (11 333 3333313 313313133313 3 331 33331311 vigore di 3333313311133
1333, 33 33 abbia 11 Sole, 33133 (13133333111 31313333, 3311’·3313333311131
(13113 3333 eh¹ ei 333 mirabili 3 incognite preporzioni 3313 3333 333·
3313333313 operando.

033113 331 eh’io 31 33313 (13113 33111113 (13113 33333313 3331333
(131 (1311133, 13 333333331333 (13113 133313 (13 31131331331, 1 quali per
31133 313 han 1331313, 3 333 3333313113, (11 render 3113 chiara (333313
3313333, 13 veramente, 33333131 33333331 331 333333 odiosi, 333 er
(11331 3333331333 31133 3133 13113311 31113 3313333331 3 13333 (11 que·
313, chinon 33 1333333 (13333133 potrebbe 13333 3133113313 3333 (13 (11·
3333313 333333133313 3333311 3333131133 33333 313 3331333331 di
3333331333 (333113 (11 3133311113 che ha 13 se questo 3313313333 3131
(11 333131331133, che 3 1’ 33311333 13333 (1133313331331 333 33331313 333·
3113331333 3 (3331333333 genere di grandem, 3333 13 Ε3311(13,’3(1 11
33313331 quasi irr 13113333 esso, 33333 1313313333 333113333313333133
33113311113131331, 3 331 133· 1333331 (1133313311 quelli, 3133, 3333 3313-
313] 3311, reegero 33333311 (13 Euclide 313333 3 degli 31131 geometri 3331
regnari: 113133 331 eque! 3313 (113 13 1313 3313333 333333 (13 deside·

 

