ino nnnnnino

3131333 11 131 813. viviani, 3331113333133331313333, 3333313 3313-
33313 13333311 33333311 1311333113313 3333333133311 313111 quadran.

. 6333113313111. 131333313111311311333331313, 31 3313311333 3
13133333331133131133313113113 13331313, 33333333313 1 331111, 313
(331311 3333333, 33313131 13331111, in 3333 131133313311113 331111331313
(333311 3333133313 313 13 quelli 13 ragione 3131331333.

0333113313 11. 113 311333313133 (1’ 333313 3331313333, 3133311313
1113333, 31 33133113 333333333, 313 333333 333 1333 13 333313 1333·
ritmico: 13333333113333313 311 3333] 1331333333 1333313133 31 11
333 33131313 1313333311 133 11 1333 33313 l’ 33113313 (333311 ohedi-
33331331 33311 ’1133313131 333. 3, n.⁰.·1), 31 essendo i 33313111 3133111(
13331 3333] 33333311313311 13113 1333 333 13 313333 1313333111 13113

v 33113333313 [333131311131331331333.11,311), 1 momenti 13’ 3331

3313313331, 333111 313331313 3113333 33333 11 3331 33331, 3 3331333ιί
33333 (3331331333 1333 33113313, 3333333 come 13 313333 33113313; nia
333333 1 momenti 13113 3331313333 33113 3331331 (13113 3331331333 3113333
3333 3313313 1331 (333 13 prop. 2), 3133 mine 13 (13113 31133133 sn·
33333 3133333 3333333133311 1 momenti do' 3331 3’ momenti 13113 33
31313333; 3313 331311 3313331 31333133333 1’ 333313 3331313333, 33313 311
313333331113 (131 Sig. viviani.

Pnonnnnn Vn.

Ad nnn 1313 133313333 AL (1113. 121) 3331133313 13113111 331111 331·
333311313 3111313131, 1 quoii 13 31333313 3113 313333 3333 33313313 (13
33 termine 113331 (qnando 331131133 solamente 31333 333133311 1 so

· lidi), 3 3333 333113313 331 mezzo (13113 1333113333 1333 (in 3333 313 31

, 333333133 a’sosiegni 33311 13 ambi 311 33133131), abbiano nnn 3331313333
333313 3 333113 (11 33 (1313 prisma 3 31113133, 1311 331 1333133333 313
ΑΕ, 13113333 AF 313 1333133333 FG.

&Si 133313, 33313 AE 31 AL, 3331 FG 31 F1); 3 33313 33313 11,
133 311 33131311 EAF, 3’ 1313313 deserina 1· 13331313 33313311331111, in
331 1’ 33113313 FD. 11631333333133333133313 nome i 33313311 13113111,
FA; di (3331333 313 11 33313113 131 quadrato BA neiFailezzn BC 3333·
311 3333313 13 313333 3331311313133313313 AF 33113113333 FD. 11133
3113 (333131333113 prisma deii 3113333 3311133313 BA, 3 13113 333313333-
13313133313333 BC, 331131313 1333113333 AL, 3311131331 31 3333113;
1333333313 3333313 nome AB 31 AL, 3131 33313 11 momento d'nn
3333 3331331313113 1333113333 ΑΕ 31 momento 13113 313333 33313313
13113 133313333 An, 3331 FG 31 FD: ovvero cosi 11 33313113 11 FG
331 (33313313 AF, 31 33313113 11 FD 331 33313313333313313 AF3 3131

 

