81 33333333

3 33333333 11 (13113 solido 13 l), 3133333133 13333 33111313313 3 3333313313
13 G, 31331 33333011 a DC.

Pnovosmonu xci, ’1333333 Lx.

1131 33333 3 prisma (3133331333 ΑΒΗ (1113113) 3331313313 1311113
333313 per 313333 13 11, ed aurove 13 C; il 3333 31113 3 33333333 13 C 31 ,
3333 31113 3 33333333 1311, 313 33333 13 parte BC 3113 CA.

81333331 113 mione DG 13 Ε fluo 313 131133331111 313 3333133113
CF. 1133333113333 abile 3 33333333 13 3331333 CF 3 333113 313 131313
3 33333333 1’ 33331 3331333111, 313, 33333113 11 (1311133, 3333311 3311333313
11111 31 3311333313 BCA, 311 3133331113 a 33333333133331333 DE 3
3331133113 3333333113 13 3331333 1111, 313 (per 13 3333. 3) 33333 11 333-
(13313 DE, 3131 11 CF, 31 quadrato 1353 333333 3333311 quadrato BC 31
quadrato 1111, 3131 313311333313 1111Α. 1133333, per 1333311131 3331331313,
113333 313113 3 33333333 13 3331333 11113 333113 313 3· 31113 3 3333333313
1111, 313 33313 11 quadrato 1111313311333313 BCA, 3131 33133 13 BC 3113
CA· 113113 33.

633311331311 3333 311113 3 33333333 13 CF 31 3333 311113 a 3333·
333313 ML 313 33333 113311333313 (11 BC 13 3111 31 3311333313 (11 Ac
13113, 333333 (1 13 ragione composta di BC 331 Ac 3 (11 ΑΜ 3(1ΜΒ;
333313311 3333 33313313313 3113 3331333 CF 3 333113 3113 33313313 3113
3331333 ML, ha ragione composta (1311ἰ33313313313 3113 3331333 FC 31-
1· 33313313313 3113 1111, edi questo all' 33313313313 3113 ML ; ma 13 prima
ragione (1 come di BC 31 Ac, e 13 soconda 3 33333 (11 AM 3(1 1111333
333313 333333131333; (13333313331 equivalenti 3113 3331331 CF, 1113333
13 1331333 composta (13113 (13113 33333331331; 3 3333 3333 33333 11331,
1333313 (11 BC 1311131 3311333313 (11 AC 131111. 11 3113 33.

. Ρ33333131333111111, 1333331 1111.

Nol 33333 3333131133 1111 (req. 81), 113333 33313313313 3113 mi·
333333 113113 3331333 CF 31 peso (3313313313 3113 3331313333 (13113 3331333
1111, 113 33333 1133333313 (13113 3331113 333333133313 BH 1331163111131
3311333313 BCA. 1

81313313 1111 13 E, 3133113 13 3331333 DE 313 333313311333131-
13333 3113 effi dunque 11 peso 33313313313 3113 3331333 CF 3111333133·
13313 3113 3331333 1111313 33313333333313 come 11 3311333313 111111 ’31
3311333313 Rem (33 11 peso 33313313313 3113 11113 333113 3113 33333·
33331133 13 1111 313 33333 11 (33133313 (13113 3331313333 DE 3 333113 (13113
1111, 31313333 13 3333. 3, 33333 11 quadrato DE, 333333 CF, 31 quadrato
1111, 3 3333 come 13 1113113 1111, 3 come il 3311333313 111331 al 331133·

 

