01111 1101011111. 53

0100000Ιο 0011 11 1111110001 00010101110110 1011011000 111110 010000
00100111011 1111001111 0100011101010 1000 10111101111111110110 10110
011110, 1011101ῑο 10110 1000011111οο 0110 010000 01110, 01 0101110 quel·
01100110 000111110, 1110110110 10111 0111111111 1011110011 11110111101011
'queste due 110010, (1111101100101010 0011011111, 11 001110 010 0011001·
1010110 0010110 Δ101010 10111 010000 010011οί1 001 00110110 01101111,
avendo 10 0011011 000111 00ωο10 ο 0000011101011 0’ 1011110111 110001· ’
10;01001110111111 001111 00000101010111111101, 1 (00οΙ1, 10110 11011010
1001101010 11 (000010 0000111, 0101 0011011010 10 0011011 10110 010000110
1010 ’ 0100011101011 10001 111101001111, 1000010 d' eguale 1001010110 11
1100011011100110000101111011011011010 00 01010 01111011110, 11 001
11111 1000010 0 0000110, 01 1 0101110 (001111 0011000010. 1 01011 11111
0011 0000 11101010110 11111111, 0 11001101000110100011100101011010
1010101Ιο 1000τί11010 10110 100011111100; 11 1 me 0011101011110000-
01011 001110, 010 00000 0011101110 01 (0000110; 0111 01010 00001010·
(00110111001011110, 010 1010100110 11 101010111 10101111111000000
avere 10 00110110 0011111011 001 10110110 010 0110011010.

110000111011 Lx, 001οι101111.

vereare 0110000 01010 010 00011000οι1 superficiale, 010 0011011ον010
in 0101110, 0101 00110110 10 0110, 010 01010 001011101ιο resistente: 0101,’
011011 100110 01 100110 010 00100 10 0100111010 0110 superficie, 0001000110
ΑΕΒ (riq. 10), 00 010000 alle portione 0110 CED 00110 ΑΒ 0 CD.

(100010 0111001 101 011 essere 11110010 11 1101001110 000110 delle
100111111100, 10 11 001 00111011 1111110110110101010, 10011110 11 (0001-
0110011001111010, 0010 00110 101111010 1101001110, 10110 (00011 10011
000010, 001 10 0000 (1110011010 ne' 100011 11 00010 errari: 0 00110110

11010 10010010101110000111010 1010111 00101010 101101101101111111111· .

1011110 1110110 11010 asse FE, in eui parimente le 0000111010 11111111Ι
mente 101010111111111, 11011010 001 varj pieni 00111Ιο11 0110 1000,
0010 come 10 011001100011011, CD 10110 (00111 01 10 11 100110 mede-
01110;00110 0011100111οἰ 10 011 010 1111001101 10011 1100111011, 0001-
1010 12, n.‘¹ 15, 010111 0101010 geometrica 01 011011001110 1110101.ὓ 19.

110000111011 LXI, 11011111 XL..

vLa 101110 010110 (1 11110010 01 proprie 0000, 10 0000101010111010010
10011010 1011000110010010110100 1010 cemele 1101001110 00010010, 001-0·
10000 di 0000011100010 01110110 0 0010001000.

1101010 11 010000κί00010 0011101110 1111100110 01 010011000001110110
010110, 10110 quale 01010100ιο 00110 terminare 10 0001101000 00010010 ((1

 

